-1	-1	-1	-0.001695	-1.01958
-1	-1	-0.9	-7.94543e-05	-1.03414
-1	-1	-0.8	-0.000468189	-1.03165
-1	-1	-0.7	-0.000229086	-1.00547
-1	-1	-0.6	0.000345908	-0.951108
-1	-1	-0.5	-0.001065	-0.86283
-1	-1	-0.4	-0.000771057	-0.741758
-1	-1	-0.3	0.00182032	-0.589797
-1	-1	-0.2	1.63277e-05	-0.41098
-1	-1	-0.1	-0.000796517	-0.211037
-1	-1	-1.38778e-16	-0.000363277	-0.000800072
-1	-1	0.1	-0.000167937	0.211325
-1	-1	0.2	-0.000354419	0.411284
-1	-1	0.3	0.00122278	0.590006
-1	-1	0.4	0.00129043	0.740555
-1	-1	0.5	-0.000291952	0.861097
-1	-1	0.6	0.0012916	0.950076
-1	-1	0.7	-0.000434117	1.00478
-1	-1	0.8	-0.000227886	1.03175
-1	-1	0.9	-0.000746179	1.0374
-1	-1	1	4.39739e-05	1.01824
-1	-0.9	-1	0.000323979	-1.05301
-1	-0.9	-0.9	-0.000294374	-1.07047
-1	-0.9	-0.8	0.000462569	-1.06527
-1	-0.9	-0.7	0.000118139	-1.03841
-1	-0.9	-0.6	7.80901e-05	-0.980555
-1	-0.9	-0.5	-5.99289e-05	-0.891406
-1	-0.9	-0.4	0.000417633	-0.768043
-1	-0.9	-0.3	0.000284123	-0.607854
-1	-0.9	-0.2	-0.00108247	-0.423513
-1	-0.9	-0.1	-0.000147306	-0.216958
-1	-0.9	-1.38778e-16	-0.00155258	-0.000651485
-1	-0.9	0.1	-0.000740666	0.215129
-1	-0.9	0.2	-0.00171864	0.422551
-1	-0.9	0.3	-8.62705e-05	0.610794
-1	-0.9	0.4	0.000488195	0.767395
-1	-0.9	0.5	-0.000136452	0.889831
-1	-0.9	0.6	-0.000882924	0.980048
-1	-0.9	0.7	-0.000694459	1.03852
-1	-0.9	0.8	0.000436948	1.06694
-1	-0.9	0.9	-0.000941381	1.0707
-1	-0.9	1	-0.00195153	1.05338
-1	-0.8	-1	0.000218852	-1.08253
-1	-0.8	-0.9	0.000449201	-1.0993
-1	-0.8	-0.8	0.00202007	-1.09713
-1	-0.8	-0.7	-0.000238997	-1.06459
-1	-0.8	-0.6	-9.78824e-05	-1.0076
-1	-0.8	-0.5	-0.00141076	-0.91661
-1	-0.8	-0.4	4.16348e-05	-0.78804
-1	-0.8	-0.3	-0.00113339	-0.625905
-1	-0.8	-0.2	-0.000180994	-0.435051
-1	-0.8	-0.1	-0.00206519	-0.224049
-1	-0.8	-1.38778e-16	0.00075855	-0.00124383
-1	-0.8	0.1	0.00115702	0.224213
-1	-0.8	0.2	-0.000309751	0.435731
-1	-0.8	0.3	-2.6929e-05	0.627707
-1	-0.8	0.4	-1.76042e-05	0.787468
-1	-0.8	0.5	0.000441811	0.916336
-1	-0.8	0.6	-0.000318454	1.00979
-1	-0.8	0.7	-3.97396e-05	1.06521
-1	-0.8	0.8	0.00154871	1.09611
-1	-0.8	0.9	0.000479448	1.10109
-1	-0.8	1	0.000152608	1.08391
-1	-0.7	-1	-0.000614144	-1.11224
-1	-0.7	-0.9	0.000286335	-1.12739
-1	-0.7	-0.8	-0.000773875	-1.12418
-1	-0.7	-0.7	-0.00098651	-1.09509
-1	-0.7	-0.6	6.96236e-05	-1.03385
-1	-0.7	-0.5	1.295e-05	-0.937572
-1	-0.7	-0.4	0.000903898	-0.808082
-1	-0.7	-0.3	-0.000338493	-0.643506
-1	-0.7	-0.2	0.000356194	-0.447017
-1	-0.7	-0.1	0.000584797	-0.228991
-1	-0.7	-1.38778e-16	-0.00134012	-0.00038374
-1	-0.7	0.1	-0.001292	0.231466
-1	-0.7	0.2	-0.000639122	0.446954
-1	-0.7	0.3	0.000427475	0.641493
-1	-0.7	0.4	-0.0022737	0.808949
-1	-0.7	0.5	-5.39839e-05	0.938319
-1	-0.7	0.6	-0.000473838	1.03336
-1	-0.7	0.7	0.00082647	1.0939
-1	-0.7	0.8	0.000877435	1.12332
-1	-0.7	0.9	0.000322668	1.12704
-1	-0.7	1	-0.000609518	1.10964
-1	-0.6	-1	0.000213092	-1.13527
-1	-0.6	-0.9	-0.000101997	-1.153
-1	-0.6	-0.8	0.000518976	-1.14939
-1	-0.6	-0.7	2.67176e-05	-1.11631
-1	-0.6	-0.6	-0.000826988	-1.05694
-1	-0.6	-0.5	0.0014107	-0.959778
-1	-0.6	-0.4	0.000265443	-0.826645
-1	-0.6	-0.3	-3.96245e-05	-0.65808
-1	-0.6	-0.2	-0.00103901	-0.456273
-1	-0.6	-0.1	0.00104863	-0.236331
-1	-0.6	-1.38778e-16	0.000906231	0.000999257
-1	-0.6	0.1	-0.000145648	0.233394
-1	-0.6	0.2	-0.00112227	0.458243
-1	-0.6	0.3	0.00137446	0.657207
-1	-0.6	0.4	0.000206732	0.825436
-1	-0.6	0.5	0.000453146	0.960517
-1	-0.6	0.6	-0.000253905	1.05728
-1	-0.6	0.7	0.000599803	1.1186
-1	-0.6	0.8	0.000619501	1.14875
-1	-0.6	0.9	0.00142943	1.15247
-1	-0.6	1	0.000109559	1.13688
-1	-0.5	-1	0.000854366	-1.15419
-1	-0.5	-0.9	2.4878e-05	-1.17418
-1	-0.5	-0.8	0.00060917	-1.16947
-1	-0.5	-0.7	0.000899757	-1.13984
-1	-0.5	-0.6	-0.000461168	-1.07408
-1	-0.5	-0.5	-0.00173099	-0.976929
-1	-0.5	-0.4	-0.00100499	-0.840817
-1	-0.5	-0.3	-0.00135925	-0.668732
-1	-0.5	-0.2	0.000808014	-0.464471
-1	-0.5	-0.1	-0.00155064	-0.238563
-1	-0.5	-1.38778e-16	-6.53371e-05	-0.000694493
-1	-0.5	0.1	0.00021026	0.239077
-1	-0.5	0.2	-0.000330197	0.46601
-1	-0.5	0.3	-0.00121776	0.669431
-1	-0.5	0.4	6.61658e-05	0.840659
-1	-0.5	0.5	0.00107841	0.977162
-1	-0.5	0.6	-0.000781646	1.07673
-1	-0.5	0.7	0.000455536	1.13805
-1	-0.5	0.8	0.000581405	1.17129
-1	-0.5	0.9	0.00142688	1.17446
-1	-0.5	1	0.000357013	1.1587
-1	-0.4	-1	-0.00129486	-1.17275
-1	-0.4	-0.9	-0.0016342	-1.1927
-1	-0.4	-0.8	0.000902443	-1.18888
-1	-0.4	-0.7	0.00230407	-1.15611
-1	-0.4	-0.6	-0.000325222	-1.09034
-1	-0.4	-0.5	0.000512567	-0.992558
-1	-0.4	-0.4	0.00133808	-0.852654
-1	-0.4	-0.3	-0.00109228	-0.681658
-1	-0.4	-0.2	-0.000220535	-0.473543
-1	-0.4	-0.1	-0.000892825	-0.242335
-1	-0.4	-1.38778e-16	-0.00176861	0.00241389
-1	-0.4	0.1	0.00089354	0.243603
-1	-0.4	0.2	0.000934487	0.471228
-1	-0.4	0.3	0.00215893	0.678392
-1	-0.4	0.4	0.000860134	0.854537
-1	-0.4	0.5	4.91598e-05	0.991553
-1	-0.4	0.6	-0.00113192	1.09064
-1	-0.4	0.7	0.00153957	1.15529
-1	-0.4	0.8	-0.00139966	1.18888
-1	-0.4	0.9	0.00119206	1.19342
-1	-0.4	1	0.000601152	1.17218
-1	-0.3	-1	8.50934e-05	-1.18656
-1	-0.3	-0.9	-0.00135542	-1.20609
-1	-0.3	-0.8	0.000783394	-1.20134
-1	-0.3	-0.7	-0.000353636	-1.17015
-1	-0.3	-0.6	-0.000862883	-1.10646
-1	-0.3	-0.5	-0.000541924	-1.00413
-1	-0.3	-0.4	0.000479946	-0.863793
-1	-0.3	-0.3	0.000766887	-0.685453
-1	-0.3	-0.2	0.00154696	-0.478245
-1	-0.3	-0.1	0.000738952	-0.244181
-1	-0.3	-1.38778e-16	0.00227166	-0.000803083
-1	-0.3	0.1	-0.000329941	0.24571
-1	-0.3	0.2	-0.000493465	0.477424
-1	-0.3	0.3	-0.000235535	0.688268
-1	-0.3	0.4	-0.000508178	0.86489
-1	-0.3	0.5	-0.000532558	1.00419
-1	-0.3	0.6	-0.000648337	1.10486
-1	-0.3	0.7	-0.000547361	1.17022
-1	-0.3	0.8	-0.0015024	1.19986
-1	-0.3	0.9	0.00175491	1.20587
-1	-0.3	1	0.000236784	1.18769
-1	-0.2	-1	0.000237947	-1.19741
-1	-0.2	-0.9	-0.000572229	-1.21577
-1	-0.2	-0.8	-0.000954204	-1.21143
-1	-0.2	-0.7	0.000561718	-1.17899
-1	-0.2	-0.6	0.000305848	-1.11521
-1	-0.2	-0.5	-0.00192095	-1.0109
-1	-0.2	-0.4	-0.00100795	-0.871452
-1	-0.2	-0.3	1.17273e-05	-0.693179
-1	-0.2	-0.2	-0.000302318	-0.481332
-1	-0.2	-0.1	0.00290246	-0.247955
-1	-0.2	-1.38778e-16	0.00114457	-0.00106985
-1	-0.2	0.1	0.00101879	0.246958
-1	-0.2	0.2	-0.000532067	0.482495
-1	-0.2	0.3	-0.000613585	0.693994
-1	-0.2	0.4	0.000613794	0.870635
-1	-0.2	0.5	-0.000674814	1.01182
-1	-0.2	0.6	-0.00103964	1.11385
-1	-0.2	0.7	0.00126895	1.17903
-1	-0.2	0.8	0.000611065	1.21127
-1	-0.2	0.9	-0.000520493	1.21498
-1	-0.2	1	0.000223759	1.19702
-1	-0.1	-1	-0.00015516	-1.20516
-1	-0.1	-0.9	0.00099048	-1.22235
-1	-0.1	-0.8	4.78529e-05	-1.217
-1	-0.1	-0.7	0.00170924	-1.18361
-1	-0.1	-0.6	-0.000300579	-1.11972
-1	-0.1	-0.5	0.00176358	-1.01671
-1	-0.1	-0.4	-0.00152243	-0.874564
-1	-0.1	-0.3	0.00106215	-0.696169
-1	-0.1	-0.2	-0.000106292	-0.484132
-1	-0.1	-0.1	-0.000435125	-0.248791
-1	-0.1	-1.38778e-16	-4.12236e-05	-0.00151921
-1	-0.1	0.1	-0.000594788	0.250148
-1	-0.1	0.2	9.50443e-05	0.484413
-1	-0.1	0.3	0.00100149	0.697116
-1	-0.1	0.4	0.000437712	0.876993
-1	-0.1	0.5	0.00145799	1.01581
-1	-0.1	0.6	0.000884853	1.11911
-1	-0.1	0.7	-0.00165952	1.1857
-1	-0.1	0.8	-0.000231321	1.21637
-1	-0.1	0.9	0.0011614	1.22366
-1	-0.1	1	-0.000142769	1.20371
-1	-1.38778e-16	-1	0.000586704	-1.20713
-1	-1.38778e-16	-0.9	0.00213976	-1.22305
-1	-1.38778e-16	-0.8	0.000162461	-1.21914
-1	-1.38778e-16	-0.7	-0.000556689	-1.18691
-1	-1.38778e-16	-0.6	-0.000169281	-1.12068
-1	-1.38778e-16	-0.5	0.00164421	-1.01939
-1	-1.38778e-16	-0.4	-0.000578495	-0.876061
-1	-1.38778e-16	-0.3	-0.00149488	-0.697627
-1	-1.38778e-16	-0.2	0.002495	-0.48418
-1	-1.38778e-16	-0.1	0.000894755	-0.251214
-1	-1.38778e-16	-1.38778e-16	-0.000468588	0.00147491
-1	-1.38778e-16	0.1	0.00201962	0.248713
-1	-1.38778e-16	0.2	-0.00257908	0.485741
-1	-1.38778e-16	0.3	0.00105891	0.696648
-1	-1.38778e-16	0.4	0.000634925	0.877082
-1	-1.38778e-16	0.5	-0.000195438	1.02085
-1	-1.38778e-16	0.6	0.000792293	1.12274
-1	-1.38778e-16	0.7	0.00123398	1.18866
-1	-1.38778e-16	0.8	-0.000441016	1.22147
-1	-1.38778e-16	0.9	0.000976879	1.22381
-1	-1.38778e-16	1	-0.00156895	1.20594
-1	0.1	-1	-0.00179605	-1.20323
-1	0.1	-0.9	4.59012e-06	-1.22192
-1	0.1	-0.8	-0.000770862	-1.21777
-1	0.1	-0.7	-0.00128181	-1.18362
-1	0.1	-0.6	-0.000677224	-1.12045
-1	0.1	-0.5	-0.000282045	-1.01593
-1	0.1	-0.4	0.000615385	-0.873912
-1	0.1	-0.3	-0.000368732	-0.697518
-1	0.1	-0.2	-0.00016047	-0.486049
-1	0.1	-0.1	0.00179219	-0.249819
-1	0.1	-1.38778e-16	0.000790904	-0.000587822
-1	0.1	0.1	-0.000680469	0.247884
-1	0.1	0.2	-0.000962123	0.483903
-1	0.1	0.3	9.93769e-05	0.696621
-1	0.1	0.4	0.000661965	0.874465
-1	0.1	0.5	0.000484841	1.01723
-1	0.1	0.6	-0.000559325	1.11997
-1	0.1	0.7	0.000109079	1.18444
-1	0.1	0.8	0.00117794	1.21707
-1	0.1	0.9	-0.000933336	1.22262
-1	0.1	1	-0.00130504	1.20364
-1	0.2	-1	-0.000303443	-1.19811
-1	0.2	-0.9	-0.000289103	-1.21652
-1	0.2	-0.8	8.57655e-05	-1.21027
-1	0.2	-0.7	-0.00095919	-1.17829
-1	0.2	-0.6	-0.00223387	-1.11586
-1	0.2	-0.5	0.000385343	-1.01245
-1	0.2	-0.4	0.000616389	-0.871023
-1	0.2	-0.3	-0.000711543	-0.692752
-1	0.2	-0.2	-0.000611158	-0.481167
-1	0.2	-0.1	0.00158257	-0.248502
-1	0.2	-1.38778e-16	-0.000573884	-0.000397341
-1	0.2	0.1	0.0015563	0.246776
-1	0.2	0.2	0.00131067	0.48176
-1	0.2	0.3	0.00102349	0.694113
-1	0.2	0.4	-1.64164e-05	0.871037
-1	0.2	0.5	0.000196746	1.01193
-1	0.2	0.6	-0.000582679	1.11484
-1	0.2	0.7	0.00105575	1.17785
-1	0.2	0.8	-0.00149263	1.2109
-1	0.2	0.9	-3.02192e-05	1.21679
-1	0.2	1	0.000731924	1.19765
-1	0.3	-1	0.000184522	-1.18784
-1	0.3	-0.9	-0.00261121	-1.20585
-1	0.3	-0.8	0.000181921	-1.20115
-1	0.3	-0.7	-0.000925112	-1.17082
-1	0.3	-0.6	0.000463912	-1.10427
-1	0.3	-0.5	-0.000438534	-1.00349
-1	0.3	-0.4	0.000232467	-0.864313
-1	0.3	-0.3	-0.000811096	-0.686677
-1	0.3	-0.2	-0.000190651	-0.477253
-1	0.3	-0.1	0.00120416	-0.244221
-1	0.3	-1.38778e-16	-0.00110675	-0.00023492
-1	0.3	0.1	-0.000266047	0.244959
-1	0.3	0.2	0.000391453	0.479877
-1	0.3	0.3	-0.000737899	0.68808
-1	0.3	0.4	0.000993076	0.861678
-1	0.3	0.5	-0.000346627	1.0023
-1	0.3	0.6	-0.000251039	1.10528
-1	0.3	0.7	-0.000408318	1.17025
-1	0.3	0.8	0.000159249	1.20239
-1	0.3	0.9	0.000407451	1.20481
-1	0.3	1	-0.00142937	1.18917
-1	0.4	-1	-0.000183284	-1.17392
-1	0.4	-0.9	1.2483e-05	-1.19116
-1	0.4	-0.8	0.000636277	-1.18792
-1	0.4	-0.7	0.00298007	-1.15418
-1	0.4	-0.6	-0.00155243	-1.09068
-1	0.4	-0.5	0.000208049	-0.992184
-1	0.4	-0.4	-0.000490443	-0.854047
-1	0.4	-0.3	0.00082981	-0.680912
-1	0.4	-0.2	0.000704328	-0.471004
-1	0.4	-0.1	-0.00147599	-0.243532
-1	0.4	-1.38778e-16	0.000630324	0.00140044
-1	0.4	0.1	-0.000591331	0.241494
-1	0.4	0.2	0.000643344	0.472803
-1	0.4	0.3	0.000316599	0.679158
-1	0.4	0.4	0.00152818	0.853278
-1	0.4	0.5	-0.00140755	0.992696
-1	0.4	0.6	0.000425736	1.09251
-1	0.4	0.7	0.0011664	1.15449
-1	0.4	0.8	-0.000376626	1.18493
-1	0.4	0.9	0.000500502	1.19262
-1	0.4	1	-0.000220405	1.17328
-1	0.5	-1	0.00131682	-1.15649
-1	0.5	-0.9	0.00126613	-1.17332
-1	0.5	-0.8	0.000587346	-1.17024
-1	0.5	-0.7	0.000885372	-1.13828
-1	0.5	-0.6	0.000738077	-1.07554
-1	0.5	-0.5	0.00167449	-0.979098
-1	0.5	-0.4	-0.000339188	-0.838328
-1	0.5	-0.3	-0.00063662	-0.670468
-1	0.5	-0.2	-0.000109303	-0.464266
-1	0.5	-0.1	-0.000635189	-0.239862
-1	0.5	-1.38778e-16	0.000554	-0.00112539
-1	0.5	0.1	0.000198189	0.240142
-1	0.5	0.2	0.00129237	0.466326
-1	0.5	0.3	-0.000538943	0.669236
-1	0.5	0.4	0.00110962	0.841587
-1	0.5	0.5	0.00045699	0.977329
-1	0.5	0.6	-0.000474329	1.07598
-1	0.5	0.7	-0.00144739	1.13888
-1	0.5	0.8	0.00175099	1.17068
-1	0.5	0.9	-0.00117072	1.17367
-1	0.5	1	0.000821616	1.15674
-1	0.6	-1	0.000989337	-1.13481
-1	0.6	-0.9	0.000248884	-1.15184
-1	0.6	-0.8	0.000718556	-1.14858
-1	0.6	-0.7	0.000376115	-1.11828
-1	0.6	-0.6	-0.000249415	-1.05657
-1	0.6	-0.5	-0.000723305	-0.960486
-1	0.6	-0.4	-0.000956024	-0.826182
-1	0.6	-0.3	0.000587	-0.657549
-1	0.6	-0.2	-0.000479992	-0.456596
-1	0.6	-0.1	-0.000830391	-0.234366
-1	0.6	-1.38778e-16	0.00022633	0.00176364
-1	0.6	0.1	0.00113065	0.232994
-1	0.6	0.2	-0.000449052	0.457475
-1	0.6	0.3	0.000630852	0.655796
-1	0.6	0.4	-0.0017196	0.824611
-1	0.6	0.5	-2.57401e-05	0.959952
-1	0.6	0.6	0.000664801	1.05563
-1	0.6	0.7	0.00179735	1.1193
-1	0.6	0.8	-0.00145501	1.14778
-1	0.6	0.9	0.000939381	1.15273
-1	0.6	1	0.00179444	1.1349
-1	0.7	-1	0.0010287	-1.11112
-1	0.7	-0.9	0.00111057	-1.12779
-1	0.7	-0.8	0.000785144	-1.1223
-1	0.7	-0.7	0.0021405	-1.09396
-1	0.7	-0.6	-0.000746818	-1.03282
-1	0.7	-0.5	7.74334e-05	-0.937914
-1	0.7	-0.4	0.0016749	-0.807071
-1	0.7	-0.3	0.000925229	-0.644173
-1	0.7	-0.2	0.0016846	-0.446696
-1	0.7	-0.1	-2.78291e-05	-0.229144
-1	0.7	-1.38778e-16	0.00140696	0.000835228
-1	0.7	0.1	0.000308416	0.229256
-1	0.7	0.2	-0.00138473	0.447166
-1	0.7	0.3	-0.00086703	0.641328
-1	0.7	0.4	-0.00145551	0.807939
-1	0.7	0.5	0.000263087	0.938343
-1	0.7	0.6	-0.00117547	1.03372
-1	0.7	0.7	0.00162975	1.09425
-1	0.7	0.8	-0.0014944	1.12172
-1	0.7	0.9	-0.000662338	1.12836
-1	0.7	1	0.000160013	1.11063
-1	0.8	-1	0.000274214	-1.08398
-1	0.8	-0.9	0.000656907	-1.10173
-1	0.8	-0.8	-0.000631423	-1.09699
-1	0.8	-0.7	0.00154038	-1.06837
-1	0.8	-0.6	0.000667905	-1.00747
-1	0.8	-0.5	0.00160882	-0.915187
-1	0.8	-0.4	-0.000503237	-0.787725
-1	0.8	-0.3	0.000108394	-0.62603
-1	0.8	-0.2	-0.000246063	-0.436115
-1	0.8	-0.1	-0.00115625	-0.225625
-1	0.8	-1.38778e-16	-0.000242495	-0.000609246
-1	0.8	0.1	-0.000835412	0.224873
-1	0.8	0.2	0.0007842	0.437171
-1	0.8	0.3	0.00103956	0.626929
-1	0.8	0.4	0.000567163	0.788845
-1	0.8	0.5	-0.00237384	0.91469
-1	0.8	0.6	0.00118575	1.0076
-1	0.8	0.7	-0.00131286	1.06709
-1	0.8	0.8	-0.000194292	1.09567
-1	0.8	0.9	-0.00131082	1.10106
-1	0.8	1	-0.000724242	1.08444
-1	0.9	-1	0.00113485	-1.05456
-1	0.9	-0.9	8.29071e-05	-1.07003
-1	0.9	-0.8	0.00163935	-1.06682
-1	0.9	-0.7	0.00195985	-1.03826
-1	0.9	-0.6	-0.000977985	-0.98024
-1	0.9	-0.5	0.000345894	-0.889102
-1	0.9	-0.4	9.5492e-05	-0.767495
-1	0.9	-0.3	-0.000617176	-0.608297
-1	0.9	-0.2	0.00159022	-0.423537
-1	0.9	-0.1	-0.000740525	-0.21874
-1	0.9	-1.38778e-16	0.000409851	0.000295468
-1	0.9	0.1	-0.000234807	0.218667
-1	0.9	0.2	-0.000207372	0.423474
-1	0.9	0.3	0.000637522	0.609774
-1	0.9	0.4	0.000457743	0.765288
-1	0.9	0.5	-0.00177119	0.888921
-1	0.9	0.6	0.00146738	0.98144
-1	0.9	0.7	-0.00156557	1.03755
-1	0.9	0.8	-0.00126652	1.06518
-1	0.9	0.9	-0.00137798	1.06777
-1	0.9	1	0.000575772	1.0552
-1	1	-1	-0.00144739	-1.01999
-1	1	-0.9	0.000204401	-1.03593
-1	1	-0.8	0.000419644	-1.03285
-1	1	-0.7	0.00170992	-1.00783
-1	1	-0.6	0.000563089	-0.949233
-1	1	-0.5	-0.000305711	-0.861746
-1	1	-0.4	0.000275699	-0.743398
-1	1	-0.3	-0.000909421	-0.591597
-1	1	-0.2	0.00243735	-0.409735
-1	1	-0.1	0.000606369	-0.211556
-1	1	-1.38778e-16	0.00105158	-0.000736577
-1	1	0.1	-0.000963501	0.212589
-1	1	0.2	0.00109191	0.409513
-1	1	0.3	-0.000200953	0.592534
-1	1	0.4	0.00190455	0.741442
-1	1	0.5	-0.000554361	0.862412
-1	1	0.6	0.000185767	0.949267
-1	1	0.7	-7.38949e-05	1.00665
-1	1	0.8	-5.63169e-06	1.0315
-1	1	0.9	-0.000932917	1.03603
-1	1	1	0.00117766	1.02176
-0.9	-1	-1	9.89166e-05	-1.05399
-0.9	-1	-0.9	-0.00229854	-1.06975
-0.9	-1	-0.8	0.0010203	-1.06457
-0.9	-1	-0.7	-0.000294237	-1.03672
-0.9	-1	-0.6	0.000275101	-0.980087
-0.9	-1	-0.5	0.000716873	-0.889434
-0.9	-1	-0.4	0.000352929	-0.766121
-0.9	-1	-0.3	-0.000792761	-0.609577
-0.9	-1	-0.2	-0.000464388	-0.426248
-0.9	-1	-0.1	-3.05352e-05	-0.217131
-0.9	-1	-1.38778e-16	-0.000844845	0.000185563
-0.9	-1	0.1	0.000423119	0.217025
-0.9	-1	0.2	-0.000431429	0.423738
-0.9	-1	0.3	-0.00183995	0.60954
-0.9	-1	0.4	0.00142476	0.765722
-0.9	-1	0.5	0.000443248	0.889318
-0.9	-1	0.6	-2.44941e-06	0.979155
-0.9	-1	0.7	0.00242239	1.03686
-0.9	-1	0.8	0.00128184	1.06414
-0.9	-1	0.9	-0.00170355	1.06927
-0.9	-1	1	0.000590874	1.05378
-0.9	-0.9	-1	-0.000598739	-1.08889
-0.9	-0.9	-0.9	-0.00161749	-1.10424
-0.9	-0.9	-0.8	-1.7852e-05	-1.0996
-0.9	-0.9	-0.7	-0.000473243	-1.07154
-0.9	-0.9	-0.6	-0.000140523	-1.01242
-0.9	-0.9	-0.5	0.000699771	-0.91736
-0.9	-0.9	-0.4	-0.00127712	-0.790082
-0.9	-0.9	-0.3	-4.65038e-05	-0.629068
-0.9	-0.9	-0.2	0.00107132	-0.438697
-0.9	-0.9	-0.1	-0.000665438	-0.225158
-0.9	-0.9	-1.38778e-16	0.000707652	-0.000442267
-0.9	-0.9	0.1	-0.000462996	0.223628
-0.9	-0.9	0.2	0.00160352	0.439756
-0.9	-0.9	0.3	0.000143277	0.629428
-0.9	-0.9	0.4	0.000864118	0.791277
-0.9	-0.9	0.5	-0.000267466	0.917449
-0.9	-0.9	0.6	0.000119139	1.01297
-0.9	-0.9	0.7	-0.000226533	1.07069
-0.9	-0.9	0.8	-0.000785608	1.10007
-0.9	-0.9	0.9	-0.000369273	1.10362
-0.9	-0.9	1	0.00129705	1.0872
-0.9	-0.8	-1	-0.00260494	-1.11799
-0.9	-0.8	-0.9	-0.000162919	-1.13509
-0.9	-0.8	-0.8	-0.000179541	-1.13204
-0.9	-0.8	-0.7	-0.00201665	-1.10173
-0.9	-0.8	-0.6	0.00120383	-1.04023
-0.9	-0.8	-0.5	0.000314363	-0.945174
-0.9	-0.8	-0.4	0.00236847	-0.813669
-0.9	-0.8	-0.3	-0.000343418	-0.646693
-0.9	-0.8	-0.2	-0.000779767	-0.450518
-0.9	-0.8	-0.1	-0.00107907	-0.231791
-0.9	-0.8	-1.38778e-16	-8.38679e-05	-0.000122983
-0.9	-0.8	0.1	0.000455158	0.230773
-0.9	-0.8	0.2	4.06571e-05	0.451942
-0.9	-0.8	0.3	0.000587125	0.647307
-0.9	-0.8	0.4	0.00129914	0.814317
-0.9	-0.8	0.5	-0.000521644	0.944909
-0.9	-0.8	0.6	-2.88238e-05	1.04344
-0.9	-0.8	0.7	0.000139151	1.1014
-0.9	-0.8	0.8	0.000958244	1.13177
-0.9	-0.8	0.9	-0.00030356	1.13512
-0.9	-0.8	1	-0.00123778	1.11844
-0.9	-0.7	-1	-0.00167681	-1.14749
-0.9	-0.7	-0.9	0.000678666	-1.16516
-0.9	-0.7	-0.8	-0.00183412	-1.15994
-0.9	-0.7	-0.7	-0.000865424	-1.12995
-0.9	-0.7	-0.6	-0.000890139	-1.06799
-0.9	-0.7	-0.5	0.000710187	-0.966926
-0.9	-0.7	-0.4	-0.000941373	-0.834525
-0.9	-0.7	-0.3	0.000705826	-0.663038
-0.9	-0.7	-0.2	0.00030174	-0.46073
-0.9	-0.7	-0.1	-0.000425472	-0.237471
-0.9	-0.7	-1.38778e-16	-0.00121161	0.000219311
-0.9	-0.7	0.1	0.00106177	0.237643
-0.9	-0.7	0.2	-0.000714961	0.461528
-0.9	-0.7	0.3	-0.0022801	0.663431
-0.9	-0.7	0.4	-4.91836e-05	0.834352
-0.9	-0.7	0.5	-0.00129687	0.968587
-0.9	-0.7	0.6	0.00127952	1.06562
-0.9	-0.7	0.7	0.000366207	1.12918
-0.9	-0.7	0.8	-3.4713e-05	1.15875
-0.9	-0.7	0.9	0.000908248	1.16408
-0.9	-0.7	1	0.000384054	1.14539
-0.9	-0.6	-1	0.000748912	-1.17058
-0.9	-0.6	-0.9	-0.000211213	-1.1882
-0.9	-0.6	-0.8	0.000224012	-1.18755
-0.9	-0.6	-0.7	0.0012305	-1.15481
-0.9	-0.6	-0.6	-3.80824e-05	-1.09003
-0.9	-0.6	-0.5	0.000345266	-0.990773
-0.9	-0.6	-0.4	0.000462175	-0.851078
-0.9	-0.6	-0.3	0.000411377	-0.679146
-0.9	-0.6	-0.2	-4.96403e-05	-0.472789
-0.9	-0.6	-0.1	0.000840915	-0.242394
-0.9	-0.6	-1.38778e-16	-0.000500551	-0.000875465
-0.9	-0.6	0.1	-0.00118761	0.24208
-0.9	-0.6	0.2	-0.000645553	0.471594
-0.9	-0.6	0.3	-0.00142918	0.67764
-0.9	-0.6	0.4	-0.000352716	0.852675
-0.9	-0.6	0.5	-0.00175884	0.989619
-0.9	-0.6	0.6	0.000432215	1.09141
-0.9	-0.6	0.7	-0.00073177	1.1542
-0.9	-0.6	0.8	-0.00089074	1.18595
-0.9	-0.6	0.9	-0.00109137	1.18999
-0.9	-0.6	1	9.86426e-05	1.17316
-0.9	-0.5	-1	-0.000434125	-1.19419
-0.9	-0.5	-0.9	0.000385342	-1.21082
-0.9	-0.5	-0.8	-0.000828672	-1.20691
-0.9	-0.5	-0.7	2.24731e-05	-1.17659
-0.9	-0.5	-0.6	-3.61555e-05	-1.10985
-0.9	-0.5	-0.5	-0.000453095	-1.00862
-0.9	-0.5	-0.4	-0.000389366	-0.867812
-0.9	-0.5	-0.3	-0.000116639	-0.690247
-0.9	-0.5	-0.2	0.000386782	-0.48287
-0.9	-0.5	-0.1	-0.00126057	-0.247788
-0.9	-0.5	-1.38778e-16	-0.00135804	6.50606e-05
-0.9	-0.5	0.1	0.000372587	0.247591
-0.9	-0.5	0.2	0.000944554	0.481333
-0.9	-0.5	0.3	0.000101324	0.691808
-0.9	-0.5	0.4	-0.00148061	0.868461
-0.9	-0.5	0.5	-0.000163078	1.00753
-0.9	-0.5	0.6	-0.00168243	1.11113
-0.9	-0.5	0.7	0.000255655	1.17734
-0.9	-0.5	0.8	0.000868237	1.20783
-0.9	-0.5	0.9	-0.00050292	1.2107
-0.9	-0.5	1	0.000234731	1.19343
-0.9	-0.4	-1	-0.00105725	-1.21237
-0.9	-0.4	-0.9	0.00196197	-1.22936
-0.9	-0.4	-0.8	0.000221406	-1.22516
-0.9	-0.4	-0.7	0.00145984	-1.19213
-0.9	-0.4	-0.6	0.000105566	-1.12537
-0.9	-0.4	-0.5	-0.000791629	-1.02421
-0.9	-0.4	-0.4	-0.00216478	-0.882361
-0.9	-0.4	-0.3	0.000957505	-0.702394
-0.9	-0.4	-0.2	-0.000569623	-0.489052
-0.9	-0.4	-0.1	0.00145699	-0.250706
-0.9	-0.4	-1.38778e-16	0.000170088	-0.00132134
-0.9	-0.4	0.1	0.000554596	0.252328
-0.9	-0.4	0.2	0.000966732	0.488475
-0.9	-0.4	0.3	-0.00166438	0.700431
-0.9	-0.4	0.4	-0.00046075	0.881721
-0.9	-0.4	0.5	-0.00112703	1.02349
-0.9	-0.4	0.6	-0.000896892	1.12735
-0.9	-0.4	0.7	-0.000224424	1.1938
-0.9	-0.4	0.8	0.000613745	1.22656
-0.9	-0.4	0.9	-0.00047292	1.23108
-0.9	-0.4	1	0.000430544	1.21155
-0.9	-0.3	-1	-6.01072e-05	-1.2265
-0.9	-0.3	-0.9	-0.000523298	-1.24569
-0.9	-0.3	-0.8	0.00140026	-1.24064
-0.9	-0.3	-0.7	-0.000155468	-1.20608
-0.9	-0.3	-0.6	0.00249381	-1.13977
-0.9	-0.3	-0.5	-5.67489e-05	-1.03469
-0.9	-0.3	-0.4	0.000190235	-0.891412
-0.9	-0.3	-0.3	0.000278072	-0.710963
-0.9	-0.3	-0.2	-0.000380282	-0.495358
-0.9	-0.3	-0.1	-0.000239449	-0.253685
-0.9	-0.3	-1.38778e-16	0.000362906	9.22098e-05
-0.9	-0.3	0.1	-0.00138878	0.252895
-0.9	-0.3	0.2	-0.00116854	0.493713
-0.9	-0.3	0.3	-0.0016704	0.707016
-0.9	-0.3	0.4	0.000129991	0.891944
-0.9	-0.3	0.5	-0.000224094	1.03426
-0.9	-0.3	0.6	0.000616827	1.14037
-0.9	-0.3	0.7	0.000550659	1.20762
-0.9	-0.3	0.8	-6.9934e-05	1.23973
-0.9	-0.3	0.9	-0.000914192	1.24461
-0.9	-0.3	1	0.000655767	1.22718
-0.9	-0.2	-1	-0.000263239	-1.23616
-0.9	-0.2	-0.9	-0.000283151	-1.25566
-0.9	-0.2	-0.8	-0.00144144	-1.2513
-0.9	-0.2	-0.7	0.000904093	-1.21932
-0.9	-0.2	-0.6	-0.000669617	-1.14893
-0.9	-0.2	-0.5	-0.00177188	-1.04417
-0.9	-0.2	-0.4	-0.000785327	-0.897847
-0.9	-0.2	-0.3	1.68325e-05	-0.716454
-0.9	-0.2	-0.2	-0.00144996	-0.499286
-0.9	-0.2	-0.1	-0.000297191	-0.253925
-0.9	-0.2	-1.38778e-16	-0.00195566	-0.00161545
-0.9	-0.2	0.1	0.00157271	0.255223
-0.9	-0.2	0.2	-0.000383945	0.498184
-0.9	-0.2	0.3	0.000721171	0.715846
-0.9	-0.2	0.4	0.000793292	0.901003
-0.9	-0.2	0.5	-0.00082681	1.04577
-0.9	-0.2	0.6	-0.000992162	1.1496
-0.9	-0.2	0.7	0.000151832	1.21882
-0.9	-0.2	0.8	-0.00115343	1.24919
-0.9	-0.2	0.9	-0.000735957	1.25502
-0.9	-0.2	1	-0.000494356	1.23789
-0.9	-0.1	-1	-0.000518556	-1.24243
-0.9	-0.1	-0.9	-3.38831e-05	-1.26032
-0.9	-0.1	-0.8	0.000554066	-1.25634
-0.9	-0.1	-0.7	0.00248469	-1.22475
-0.9	-0.1	-0.6	0.00104265	-1.15527
-0.9	-0.1	-0.5	-0.000196267	-1.05006
-0.9	-0.1	-0.4	-0.00166874	-0.902668
-0.9	-0.1	-0.3	0.000132755	-0.717005
-0.9	-0.1	-0.2	0.000342921	-0.500888
-0.9	-0.1	-0.1	0.000946717	-0.256306
-0.9	-0.1	-1.38778e-16	0.000814489	0.00114246
-0.9	-0.1	0.1	-0.000593749	0.257221
-0.9	-0.1	0.2	-0.00182137	0.500759
-0.9	-0.1	0.3	-0.000765486	0.719114
-0.9	-0.1	0.4	0.00119299	0.90339
-0.9	-0.1	0.5	0.000335604	1.04857
-0.9	-0.1	0.6	0.00125134	1.15256
-0.9	-0.1	0.7	-0.000906741	1.22231
-0.9	-0.1	0.8	0.000758757	1.256
-0.9	-0.1	0.9	-0.00207382	1.26306
-0.9	-0.1	1	0.000710065	1.2422
-0.9	-1.38778e-16	-1	0.00160724	-1.24576
-0.9	-1.38778e-16	-0.9	0.00055795	-1.26297
-0.9	-1.38778e-16	-0.8	-0.000162544	-1.25808
-0.9	-1.38778e-16	-0.7	-0.000844899	-1.22613
-0.9	-1.38778e-16	-0.6	-0.000802943	-1.15715
-0.9	-1.38778e-16	-0.5	-0.00173596	-1.05183
-0.9	-1.38778e-16	-0.4	-0.0012529	-0.905856
-0.9	-1.38778e-16	-0.3	0.00128474	-0.721136
-0.9	-1.38778e-16	-0.2	0.000903782	-0.500469
-0.9	-1.38778e-16	-0.1	0.000721261	-0.256514
-0.9	-1.38778e-16	-1.38778e-16	0.000637232	-0.00139885
-0.9	-1.38778e-16	0.1	0.00014611	0.257496
-0.9	-1.38778e-16	0.2	1.93503e-05	0.498514
-0.9	-1.38778e-16	0.3	0.00112295	0.72102
-0.9	-1.38778e-16	0.4	0.00095423	0.906529
-0.9	-1.38778e-16	0.5	-5.73739e-05	1.05324
-0.9	-1.38778e-16	0.6	-0.00120853	1.15863
-0.9	-1.38778e-16	0.7	0.00052031	1.22405
-0.9	-1.38778e-16	0.8	-0.000812415	1.25937
-0.9	-1.38778e-16	0.9	0.00240081	1.26244
-0.9	-1.38778e-16	1	-0.000164979	1.24439
-0.9	0.1	-1	-0.000869079	-1.24239
-0.9	0.1	-0.9	-0.0014654	-1.26176
-0.9	0.1	-0.8	-0.000315701	-1.25964
-0.9	0.1	-0.7	-0.000813386	-1.22244
-0.9	0.1	-0.6	-0.000353369	-1.15659
-0.9	0.1	-0.5	-0.000964589	-1.05207
-0.9	0.1	-0.4	0.000925239	-0.902843
-0.9	0.1	-0.3	-0.000629433	-0.717888
-0.9	0.1	-0.2	-0.000303938	-0.501919
-0.9	0.1	-0.1	8.73897e-05	-0.256381
-0.9	0.1	-1.38778e-16	-0.000374802	0.000233284
-0.9	0.1	0.1	1.248e-05	0.254731
-0.9	0.1	0.2	-0.00135766	0.500697
-0.9	0.1	0.3	-0.000889586	0.718722
-0.9	0.1	0.4	0.000604477	0.904741
-0.9	0.1	0.5	0.0011916	1.04916
-0.9	0.1	0.6	0.00098939	1.15573
-0.9	0.1	0.7	-0.000205496	1.22375
-0.9	0.1	0.8	0.000861309	1.2588
-0.9	0.1	0.9	4.1219e-05	1.26249
-0.9	0.1	1	-5.46586e-05	1.24381
-0.9	0.2	-1	0.000219241	-1.23631
-0.9	0.2	-0.9	0.00112613	-1.2549
-0.9	0.2	-0.8	-0.000368228	-1.25138
-0.9	0.2	-0.7	-0.000783408	-1.21748
-0.9	0.2	-0.6	0.00059205	-1.1504
-0.9	0.2	-0.5	0.00202265	-1.04539
-0.9	0.2	-0.4	0.00161249	-0.898851
-0.9	0.2	-0.3	-0.000308071	-0.715147
-0.9	0.2	-0.2	0.000399993	-0.499378
-0.9	0.2	-0.1	-0.000466788	-0.256877
-0.9	0.2	-1.38778e-16	-0.000644809	0.000845927
-0.9	0.2	0.1	-0.0012385	0.257545
-0.9	0.2	0.2	0.000219366	0.498078
-0.9	0.2	0.3	-0.0010504	0.714657
-0.9	0.2	0.4	0.000723893	0.900077
-0.9	0.2	0.5	-0.00133466	1.04399
-0.9	0.2	0.6	-0.000226209	1.1502
-0.9	0.2	0.7	0.000292454	1.21799
-0.9	0.2	0.8	0.00156084	1.25094
-0.9	0.2	0.9	0.000324487	1.25474
-0.9	0.2	1	-0.000331453	1.23563
-0.9	0.3	-1	0.000656333	-1.22401
-0.9	0.3	-0.9	-0.000529467	-1.24339
-0.9	0.3	-0.8	0.00137486	-1.24138
-0.9	0.3	-0.7	0.00146843	-1.20617
-0.9	0.3	-0.6	0.00151992	-1.14111
-0.9	0.3	-0.5	0.000627043	-1.03708
-0.9	0.3	-0.4	0.000436974	-0.892115
-0.9	0.3	-0.3	0.000347043	-0.708853
-0.9	0.3	-0.2	-0.00105215	-0.494812
-0.9	0.3	-0.1	-6.2689e-05	-0.253891
-0.9	0.3	-1.38778e-16	-0.000289816	-0.000204133
-0.9	0.3	0.1	0.000552898	0.254576
-0.9	0.3	0.2	0.000920616	0.492342
-0.9	0.3	0.3	-0.000920368	0.708403
-0.9	0.3	0.4	0.000221886	0.893588
-0.9	0.3	0.5	0.00104631	1.03639
-0.9	0.3	0.6	-0.000799664	1.1403
-0.9	0.3	0.7	0.000348927	1.20655
-0.9	0.3	0.8	-0.00176776	1.24157
-0.9	0.3	0.9	0.000594546	1.24431
-0.9	0.3	1	-0.00130149	1.22591
-0.9	0.4	-1	-0.000640926	-1.21151
-0.9	0.4	-0.9	-0.00117795	-1.22886
-0.9	0.4	-0.8	0.00073724	-1.22581
-0.9	0.4	-0.7	-0.00151412	-1.19131
-0.9	0.4	-0.6	-0.00120736	-1.12531
-0.9	0.4	-0.5	0.00099126	-1.02418
-0.9	0.4	-0.4	0.00099959	-0.881161
-0.9	0.4	-0.3	0.000679722	-0.701
-0.9	0.4	-0.2	0.00193557	-0.488159
-0.9	0.4	-0.1	0.000647731	-0.250344
-0.9	0.4	-1.38778e-16	0.000337574	-0.000137573
-0.9	0.4	0.1	-0.000705286	0.249856
-0.9	0.4	0.2	0.000440394	0.488595
-0.9	0.4	0.3	0.00138078	0.701298
-0.9	0.4	0.4	0.000560345	0.882081
-0.9	0.4	0.5	-0.000929708	1.02423
-0.9	0.4	0.6	-0.000396021	1.12603
-0.9	0.4	0.7	-9.10747e-06	1.19306
-0.9	0.4	0.8	0.00170653	1.22369
-0.9	0.4	0.9	-6.52953e-05	1.23053
-0.9	0.4	1	-0.00182528	1.21305
-0.9	0.5	-1	0.000298852	-1.19427
-0.9	0.5	-0.9	-0.00183768	-1.21135
-0.9	0.5	-0.8	0.000141647	-1.20877
-0.9	0.5	-0.7	-0.000616905	-1.17552
-0.9	0.5	-0.6	0.000819797	-1.1095
-0.9	0.5	-0.5	0.000788133	-1.00836
-0.9	0.5	-0.4	-0.000667717	-0.868719
-0.9	0.5	-0.3	-0.000268553	-0.689986
-0.9	0.5	-0.2	0.00234408	-0.479442
-0.9	0.5	-0.1	0.00118869	-0.246917
-0.9	0.5	-1.38778e-16	0.000623811	-0.00104334
-0.9	0.5	0.1	-8.62378e-05	0.246621
-0.9	0.5	0.2	0.000565476	0.479969
-0.9	0.5	0.3	-0.00176985	0.689575
-0.9	0.5	0.4	0.00162289	0.86856
-0.9	0.5	0.5	-0.000272767	1.01044
-0.9	0.5	0.6	0.000533207	1.11175
-0.9	0.5	0.7	9.73129e-05	1.17477
-0.9	0.5	0.8	0.000555857	1.20796
-0.9	0.5	0.9	-0.000742843	1.21127
-0.9	0.5	1	-0.000611363	1.19392
-0.9	0.6	-1	-0.00131427	-1.17206
-0.9	0.6	-0.9	0.00159844	-1.18935
-0.9	0.6	-0.8	0.00159869	-1.18667
-0.9	0.6	-0.7	-0.00064729	-1.15574
-0.9	0.6	-0.6	0.00136654	-1.08997
-0.9	0.6	-0.5	0.000126761	-0.991163
-0.9	0.6	-0.4	0.000904358	-0.852846
-0.9	0.6	-0.3	0.000528407	-0.677767
-0.9	0.6	-0.2	-0.000964319	-0.471861
-0.9	0.6	-0.1	0.000213527	-0.244084
-0.9	0.6	-1.38778e-16	0.000479615	0.00134793
-0.9	0.6	0.1	-0.00147542	0.242896
-0.9	0.6	0.2	0.00132227	0.473759
-0.9	0.6	0.3	0.000814015	0.67951
-0.9	0.6	0.4	8.20413e-05	0.851299
-0.9	0.6	0.5	-0.00186118	0.99184
-0.9	0.6	0.6	-0.000565274	1.09092
-0.9	0.6	0.7	0.000671471	1.15348
-0.9	0.6	0.8	-0.000534266	1.18558
-0.9	0.6	0.9	0.00051152	1.18942
-0.9	0.6	1	-1.82396e-05	1.17222
-0.9	0.7	-1	0.001321	-1.14584
-0.9	0.7	-0.9	0.000267517	-1.16246
-0.9	0.7	-0.8	0.000258032	-1.15936
-0.9	0.7	-0.7	0.000527131	-1.13041
-0.9	0.7	-0.6	-0.00113148	-1.06749
-0.9	0.7	-0.5	0.00148315	-0.96798
-0.9	0.7	-0.4	0.00202597	-0.834135
-0.9	0.7	-0.3	0.00205925	-0.662926
-0.9	0.7	-0.2	0.00160702	-0.462407
-0.9	0.7	-0.1	2.90454e-05	-0.239105
-0.9	0.7	-1.38778e-16	-0.000464269	-0.00122484
-0.9	0.7	0.1	0.000926866	0.237944
-0.9	0.7	0.2	-0.000183642	0.461926
-0.9	0.7	0.3	-0.000818169	0.663979
-0.9	0.7	0.4	0.00100947	0.832585
-0.9	0.7	0.5	0.00160249	0.97032
-0.9	0.7	0.6	-0.00104742	1.06626
-0.9	0.7	0.7	0.000500598	1.1282
-0.9	0.7	0.8	-0.000679458	1.16067
-0.9	0.7	0.9	-0.000184548	1.16404
-0.9	0.7	1	0.000543827	1.14716
-0.9	0.8	-1	0.000545394	-1.11787
-0.9	0.8	-0.9	0.000475085	-1.13571
-0.9	0.8	-0.8	0.000125706	-1.1296
-0.9	0.8	-0.7	-0.00107345	-1.10276
-0.9	0.8	-0.6	-0.000267949	-1.04107
-0.9	0.8	-0.5	0.000326265	-0.94662
-0.9	0.8	-0.4	0.000444369	-0.812922
-0.9	0.8	-0.3	-0.0013531	-0.645699
-0.9	0.8	-0.2	2.01315e-05	-0.449704
-0.9	0.8	-0.1	0.000505578	-0.231598
-0.9	0.8	-1.38778e-16	0.000735552	-0.00118658
-0.9	0.8	0.1	0.000617195	0.230286
-0.9	0.8	0.2	0.00121219	0.45067
-0.9	0.8	0.3	-0.000843268	0.646985
-0.9	0.8	0.4	-0.000593336	0.813332
-0.9	0.8	0.5	7.52025e-05	0.942855
-0.9	0.8	0.6	0.000755375	1.03936
-0.9	0.8	0.7	0.000271154	1.10139
-0.9	0.8	0.8	0.000287589	1.13169
-0.9	0.8	0.9	-0.00148291	1.13558
-0.9	0.8	1	-0.00100839	1.11779
-0.9	0.9	-1	-0.000654517	-1.08691
-0.9	0.9	-0.9	-0.0010179	-1.10519
-0.9	0.9	-0.8	-0.00104341	-1.0999
-0.9	0.9	-0.7	0.00134262	-1.0706
-0.9	0.9	-0.6	-3.3981e-05	-1.01092
-0.9	0.9	-0.5	-0.00171115	-0.918062
-0.9	0.9	-0.4	0.000499993	-0.79086
-0.9	0.9	-0.3	0.000139687	-0.630494
-0.9	0.9	-0.2	0.000722852	-0.438206
-0.9	0.9	-0.1	0.0018447	-0.22446
-0.9	0.9	-1.38778e-16	-0.000211662	-0.00102422
-0.9	0.9	0.1	-0.000975661	0.225485
-0.9	0.9	0.2	0.00113031	0.437463
-0.9	0.9	0.3	-0.000700715	0.62992
-0.9	0.9	0.4	1.17382e-05	0.792139
-0.9	0.9	0.5	0.000818251	0.91735
-0.9	0.9	0.6	0.000767745	1.01239
-0.9	0.9	0.7	0.000885869	1.06972
-0.9	0.9	0.8	-0.000699358	1.10242
-0.9	0.9	0.9	-0.00138144	1.10328
-0.9	0.9	1	0.00180405	1.08886
-0.9	1	-1	0.000302977	-1.0527
-0.9	1	-0.9	-0.00143065	-1.0696
-0.9	1	-0.8	0.000277418	-1.0639
-0.9	1	-0.7	-0.00161107	-1.0381
-0.9	1	-0.6	0.000992501	-0.979331
-0.9	1	-0.5	-0.000511522	-0.890655
-0.9	1	-0.4	-0.000244963	-0.76584
-0.9	1	-0.3	-0.000668773	-0.610786
-0.9	1	-0.2	0.000552033	-0.424401
-0.9	1	-0.1	0.000157816	-0.220199
-0.9	1	-1.38778e-16	0.000695908	4.24421e-05
-0.9	1	0.1	-0.000539504	0.218773
-0.9	1	0.2	-0.00106342	0.424394
-0.9	1	0.3	-0.00131295	0.608057
-0.9	1	0.4	-0.000182737	0.765874
-0.9	1	0.5	0.000864175	0.888061
-0.9	1	0.6	0.00105881	0.980347
-0.9	1	0.7	0.00151868	1.03824
-0.9	1	0.8	-0.000167558	1.06659
-0.9	1	0.9	0.00122019	1.06997
-0.9	1	1	0.000699166	1.05197
-0.8	-1	-1	0.000613317	-1.082
-0.8	-1	-0.9	-0.00114219	-1.09924
-0.8	-1	-0.8	-0.000615029	-1.09742
-0.8	-1	-0.7	0.00196937	-1.06779
-0.8	-1	-0.6	0.000697001	-1.00916
-0.8	-1	-0.5	-5.85523e-05	-0.916276
-0.8	-1	-0.4	-0.000609313	-0.789276
-0.8	-1	-0.3	0.000628876	-0.626924
-0.8	-1	-0.2	-0.000841713	-0.435525
-0.8	-1	-0.1	-0.000582959	-0.2239
-0.8	-1	-1.38778e-16	-0.000606213	-0.000552683
-0.8	-1	0.1	-0.000645248	0.224859
-0.8	-1	0.2	0.000575873	0.437826
-0.8	-1	0.3	0.000798721	0.626362
-0.8	-1	0.4	0.00124718	0.787606
-0.8	-1	0.5	-0.000623638	0.916096
-0.8	-1	0.6	0.00018952	1.00814
-0.8	-1	0.7	-0.000269691	1.0668
-0.8	-1	0.8	-0.00110129	1.09636
-0.8	-1	0.9	0.00011988	1.1
-0.8	-1	1	0.000969455	1.08384
-0.8	-0.9	-1	0.00140466	-1.11745
-0.8	-0.9	-0.9	-0.000584093	-1.13595
-0.8	-0.9	-0.8	-0.00114967	-1.13249
-0.8	-0.9	-0.7	0.00202057	-1.10168
-0.8	-0.9	-0.6	0.000128966	-1.04217
-0.8	-0.9	-0.5	0.00106074	-0.945916
-0.8	-0.9	-0.4	-0.000181098	-0.813255
-0.8	-0.9	-0.3	-0.000550721	-0.64528
-0.8	-0.9	-0.2	-0.000498314	-0.451856
-0.8	-0.9	-0.1	0.000346089	-0.229313
-0.8	-0.9	-1.38778e-16	0.000495218	0.000452369
-0.8	-0.9	0.1	0.00114331	0.232272
-0.8	-0.9	0.2	0.000385375	0.451289
-0.8	-0.9	0.3	-6.89647e-05	0.647608
-0.8	-0.9	0.4	-6.6187e-05	0.814628
-0.8	-0.9	0.5	-0.00119127	0.944454
-0.8	-0.9	0.6	0.000336612	1.04025
-0.8	-0.9	0.7	0.000809006	1.1028
-0.8	-0.9	0.8	0.000532923	1.13192
-0.8	-0.9	0.9	0.00131324	1.13718
-0.8	-0.9	1	0.000159792	1.12019
-0.8	-0.8	-1	0.00153175	-1.15015
-0.8	-0.8	-0.9	0.000506828	-1.16986
-0.8	-0.8	-0.8	0.000642305	-1.16459
-0.8	-0.8	-0.7	0.00126167	-1.13338
-0.8	-0.8	-0.6	-0.000268182	-1.0714
-0.8	-0.8	-0.5	0.00102637	-0.973282
-0.8	-0.8	-0.4	0.00114489	-0.836898
-0.8	-0.8	-0.3	0.000361746	-0.665404
-0.8	-0.8	-0.2	0.00041632	-0.463807
-0.8	-0.8	-0.1	-0.00140886	-0.236618
-0.8	-0.8	-1.38778e-16	-2.51578e-05	1.34944e-05
-0.8	-0.8	0.1	-0.00144547	0.238476
-0.8	-0.8	0.2	0.000160145	0.463495
-0.8	-0.8	0.3	-0.00131795	0.66522
-0.8	-0.8	0.4	-0.000286073	0.838938
-0.8	-0.8	0.5	0.0012953	0.973256
-0.8	-0.8	0.6	0.000311354	1.06968
-0.8	-0.8	0.7	-0.000257456	1.13357
-0.8	-0.8	0.8	-0.000710961	1.16393
-0.8	-0.8	0.9	0.000954669	1.16731
-0.8	-0.8	1	-0.00125515	1.15072
-0.8	-0.7	-1	0.000651688	-1.18014
-0.8	-0.7	-0.9	0.000407501	-1.19768
-0.8	-0.7	-0.8	-0.000933882	-1.19434
-0.8	-0.7	-0.7	0.00130554	-1.16123
-0.8	-0.7	-0.6	-0.000383935	-1.09683
-0.8	-0.7	-0.5	0.000176155	-0.997004
-0.8	-0.7	-0.4	-0.000814431	-0.8577
-0.8	-0.7	-0.3	-0.00155654	-0.68314
-0.8	-0.7	-0.2	-0.000231257	-0.474145
-0.8	-0.7	-0.1	-0.000211704	-0.241697
-0.8	-0.7	-1.38778e-16	-0.000849115	0.000227049
-0.8	-0.7	0.1	0.000182482	0.245755
-0.8	-0.7	0.2	0.00246833	0.47368
-0.8	-0.7	0.3	0.00011501	0.682396
-0.8	-0.7	0.4	0.000457946	0.858375
-0.8	-0.7	0.5	-0.000370358	0.99736
-0.8	-0.7	0.6	0.000748307	1.09813
-0.8	-0.7	0.7	0.00055878	1.16394
-0.8	-0.7	0.8	-0.000662558	1.19316
-0.8	-0.7	0.9	-4.9005e-05	1.19608
-0.8	-0.7	1	-0.00114705	1.17996
-0.8	-0.6	-1	-0.00106835	-1.2056
-0.8	-0.6	-0.9	0.00117003	-1.22368
-0.8	-0.6	-0.8	0.00099593	-1.22054
-0.8	-0.6	-0.7	0.000172304	-1.18655
-0.8	-0.6	-0.6	-0.000999634	-1.1218
-0.8	-0.6	-0.5	-0.000449831	-1.01669
-0.8	-0.6	-0.4	0.000620095	-0.876564
-0.8	-0.6	-0.3	0.00174978	-0.698678
-0.8	-0.6	-0.2	-0.000622469	-0.484731
-0.8	-0.6	-0.1	0.00113247	-0.24999
-0.8	-0.6	-1.38778e-16	-0.000718283	0.000566129
-0.8	-0.6	0.1	-0.00142586	0.250317
-0.8	-0.6	0.2	0.000773548	0.4862
-0.8	-0.6	0.3	0.000127913	0.697247
-0.8	-0.6	0.4	-0.000542082	0.878481
-0.8	-0.6	0.5	0.000686215	1.01822
-0.8	-0.6	0.6	0.000323314	1.12214
-0.8	-0.6	0.7	-0.0002503	1.18792
-0.8	-0.6	0.8	0.00046735	1.21947
-0.8	-0.6	0.9	0.000812108	1.22442
-0.8	-0.6	1	0.000525881	1.20606
-0.8	-0.5	-1	0.00195956	-1.22791
-0.8	-0.5	-0.9	-0.00122668	-1.24424
-0.8	-0.5	-0.8	7.20522e-05	-1.24039
-0.8	-0.5	-0.7	-7.05076e-05	-1.20868
-0.8	-0.5	-0.6	0.000285694	-1.1428
-0.8	-0.5	-0.5	0.0014023	-1.03706
-0.8	-0.5	-0.4	0.00104351	-0.892202
-0.8	-0.5	-0.3	0.00116248	-0.710442
-0.8	-0.5	-0.2	0.00163689	-0.494429
-0.8	-0.5	-0.1	-0.00220023	-0.25383
-0.8	-0.5	-1.38778e-16	0.00108202	-0.000939516
-0.8	-0.5	0.1	0.000197392	0.253027
-0.8	-0.5	0.2	0.00174183	0.494308
-0.8	-0.5	0.3	-0.00159684	0.711493
-0.8	-0.5	0.4	-0.000598759	0.89355
-0.8	-0.5	0.5	0.000108134	1.03602
-0.8	-0.5	0.6	-0.000439067	1.14267
-0.8	-0.5	0.7	-9.03541e-05	1.2091
-0.8	-0.5	0.8	0.000938048	1.24012
-0.8	-0.5	0.9	-0.00128787	1.24655
-0.8	-0.5	1	-0.000244945	1.22724
-0.8	-0.4	-1	-0.000123632	-1.24767
-0.8	-0.4	-0.9	0.000700795	-1.26608
-0.8	-0.4	-0.8	-0.000437114	-1.26055
-0.8	-0.4	-0.7	0.000500269	-1.22898
-0.8	-0.4	-0.6	0.000606233	-1.16027
-0.8	-0.4	-0.5	-0.000430278	-1.05352
-0.8	-0.4	-0.4	-0.00121641	-0.907795
-0.8	-0.4	-0.3	-0.00101828	-0.721198
-0.8	-0.4	-0.2	0.000463949	-0.5018
-0.8	-0.4	-0.1	-0.000729689	-0.258212
-0.8	-0.4	-1.38778e-16	-0.00111927	0.000783875
-0.8	-0.4	0.1	0.00197918	0.258397
-0.8	-0.4	0.2	-0.00121691	0.502333
-0.8	-0.4	0.3	0.00129461	0.721011
-0.8	-0.4	0.4	0.000324636	0.905785
-0.8	-0.4	0.5	-0.00112829	1.05389
-0.8	-0.4	0.6	-0.000455921	1.16044
-0.8	-0.4	0.7	-0.000494167	1.22917
-0.8	-0.4	0.8	7.48923e-05	1.26242
-0.8	-0.4	0.9	0.000132889	1.2659
-0.8	-0.4	1	0.000228458	1.24666
-0.8	-0.3	-1	0.00044858	-1.26018
-0.8	-0.3	-0.9	0.00168272	-1.28111
-0.8	-0.3	-0.8	0.000399615	-1.27623
-0.8	-0.3	-0.7	-0.000520811	-1.24168
-0.8	-0.3	-0.6	0.00058929	-1.17458
-0.8	-0.3	-0.5	-0.000625536	-1.06634
-0.8	-0.3	-0.4	-0.000138808	-0.917571
-0.8	-0.3	-0.3	-9.7754e-05	-0.729336
-0.8	-0.3	-0.2	0.000439397	-0.507811
-0.8	-0.3	-0.1	-0.000947333	-0.262395
-0.8	-0.3	-1.38778e-16	0.000523436	0.0018759
-0.8	-0.3	0.1	-0.00172472	0.260237
-0.8	-0.3	0.2	-0.000623233	0.50791
-0.8	-0.3	0.3	-0.000958707	0.729601
-0.8	-0.3	0.4	-0.000978977	0.916178
-0.8	-0.3	0.5	-0.0008535	1.06663
-0.8	-0.3	0.6	-0.00123099	1.17236
-0.8	-0.3	0.7	-0.000485746	1.24247
-0.8	-0.3	0.8	0.000799923	1.276
-0.8	-0.3	0.9	-0.000676316	1.27846
-0.8	-0.3	1	6.20343e-05	1.26196
-0.8	-0.2	-1	0.000211255	-1.27135
-0.8	-0.2	-0.9	7.34739e-05	-1.29116
-0.8	-0.2	-0.8	-0.00162116	-1.28686
-0.8	-0.2	-0.7	-7.35711e-06	-1.25312
-0.8	-0.2	-0.6	-0.000440399	-1.18451
-0.8	-0.2	-0.5	-0.000599511	-1.0761
-0.8	-0.2	-0.4	-0.000963885	-0.924339
-0.8	-0.2	-0.3	-1.64557e-05	-0.735383
-0.8	-0.2	-0.2	-0.000376649	-0.512899
-0.8	-0.2	-0.1	-0.000864978	-0.263603
-0.8	-0.2	-1.38778e-16	-0.000585512	-0.000277234
-0.8	-0.2	0.1	-0.000606631	0.263952
-0.8	-0.2	0.2	0.000278268	0.510876
-0.8	-0.2	0.3	-0.000311939	0.733805
-0.8	-0.2	0.4	-0.000416172	0.9248
-0.8	-0.2	0.5	0.000668042	1.0759
-0.8	-0.2	0.6	-0.000381952	1.18336
-0.8	-0.2	0.7	-0.000872338	1.25179
-0.8	-0.2	0.8	0.000441207	1.28691
-0.8	-0.2	0.9	-5.68413e-05	1.29201
-0.8	-0.2	1	-0.000514091	1.27144
-0.8	-0.1	-1	0.00135449	-1.27936
-0.8	-0.1	-0.9	-0.00162057	-1.29851
-0.8	-0.1	-0.8	0.000163065	-1.29341
-0.8	-0.1	-0.7	0.00125674	-1.2574
-0.8	-0.1	-0.6	-0.00187543	-1.18939
-0.8	-0.1	-0.5	0.000506561	-1.08047
-0.8	-0.1	-0.4	-0.00254926	-0.930222
-0.8	-0.1	-0.3	-0.00013453	-0.740119
-0.8	-0.1	-0.2	0.00104451	-0.514981
-0.8	-0.1	-0.1	-0.000699996	-0.26383
-0.8	-0.1	-1.38778e-16	0.00100234	0.000901527
-0.8	-0.1	0.1	-0.000449779	0.26406
-0.8	-0.1	0.2	-0.000425759	0.512484
-0.8	-0.1	0.3	0.000314827	0.738826
-0.8	-0.1	0.4	0.000766366	0.930044
-0.8	-0.1	0.5	-0.000833736	1.0812
-0.8	-0.1	0.6	-0.000299682	1.18995
-0.8	-0.1	0.7	-0.000614961	1.25887
-0.8	-0.1	0.8	-0.00100466	1.29204
-0.8	-0.1	0.9	0.00161126	1.29771
-0.8	-0.1	1	0.000370099	1.27968
-0.8	-1.38778e-16	-1	-0.00059978	-1.28134
-0.8	-1.38778e-16	-0.9	-0.000419216	-1.30011
-0.8	-1.38778e-16	-0.8	-0.000881306	-1.29675
-0.8	-1.38778e-16	-0.7	-0.00256103	-1.26113
-0.8	-1.38778e-16	-0.6	0.000542697	-1.19215
-0.8	-1.38778e-16	-0.5	0.00130587	-1.08036
-0.8	-1.38778e-16	-0.4	0.000536109	-0.931513
-0.8	-1.38778e-16	-0.3	0.00100365	-0.739236
-0.8	-1.38778e-16	-0.2	0.000627509	-0.515041
-0.8	-1.38778e-16	-0.1	-0.00117764	-0.263655
-0.8	-1.38778e-16	-1.38778e-16	0.00151954	0.00158953
-0.8	-1.38778e-16	0.1	-0.000608514	0.26293
-0.8	-1.38778e-16	0.2	-0.000204278	0.515934
-0.8	-1.38778e-16	0.3	-0.001626	0.740711
-0.8	-1.38778e-16	0.4	-0.000221284	0.931027
-0.8	-1.38778e-16	0.5	-0.000327345	1.08057
-0.8	-1.38778e-16	0.6	-0.000159841	1.19138
-0.8	-1.38778e-16	0.7	-0.000269078	1.26096
-0.8	-1.38778e-16	0.8	-0.00127905	1.29552
-0.8	-1.38778e-16	0.9	-0.00139563	1.30012
-0.8	-1.38778e-16	1	-0.000808598	1.27872
-0.8	0.1	-1	0.000410857	-1.27797
-0.8	0.1	-0.9	-0.000726985	-1.29869
-0.8	0.1	-0.8	0.00142984	-1.29392
-0.8	0.1	-0.7	-0.000261111	-1.25841
-0.8	0.1	-0.6	0.00223062	-1.18836
-0.8	0.1	-0.5	-0.00176298	-1.08015
-0.8	0.1	-0.4	-0.00103404	-0.929175
-0.8	0.1	-0.3	0.00119177	-0.740659
-0.8	0.1	-0.2	0.000117143	-0.515534
-0.8	0.1	-0.1	0.000398665	-0.266131
-0.8	0.1	-1.38778e-16	-0.00108232	0.00223831
-0.8	0.1	0.1	-0.00233604	0.265352
-0.8	0.1	0.2	-0.00101855	0.514794
-0.8	0.1	0.3	-0.000734281	0.738943
-0.8	0.1	0.4	-0.000699606	0.929146
-0.8	0.1	0.5	-0.000551935	1.08093
-0.8	0.1	0.6	0.00171395	1.18977
-0.8	0.1	0.7	-0.00120465	1.2609
-0.8	0.1	0.8	-0.00053046	1.2928
-0.8	0.1	0.9	0.000572092	1.29672
-0.8	0.1	1	-0.000884435	1.27871
-0.8	0.2	-1	0.000244278	-1.27195
-0.8	0.2	-0.9	0.000243465	-1.29078
-0.8	0.2	-0.8	0.000128374	-1.28521
-0.8	0.2	-0.7	1.24516e-05	-1.25022
-0.8	0.2	-0.6	-0.000111402	-1.18216
-0.8	0.2	-0.5	-0.000290963	-1.07329
-0.8	0.2	-0.4	-0.000286214	-0.925115
-0.8	0.2	-0.3	-0.00172496	-0.735265
-0.8	0.2	-0.2	5.83307e-05	-0.512787
-0.8	0.2	-0.1	-0.00057465	-0.263186
-0.8	0.2	-1.38778e-16	0.00203174	0.000470732
-0.8	0.2	0.1	-0.00173835	0.263706
-0.8	0.2	0.2	0.000121077	0.513293
-0.8	0.2	0.3	-3.82301e-06	0.737374
-0.8	0.2	0.4	0.000117879	0.922767
-0.8	0.2	0.5	8.403e-05	1.07579
-0.8	0.2	0.6	-0.00135345	1.18326
-0.8	0.2	0.7	3.56563e-06	1.25139
-0.8	0.2	0.8	2.14211e-07	1.28646
-0.8	0.2	0.9	-0.000100458	1.29013
-0.8	0.2	1	0.000539055	1.27147
-0.8	0.3	-1	0.000872136	-1.26364
-0.8	0.3	-0.9	0.00112614	-1.28264
-0.8	0.3	-0.8	-0.000827364	-1.27556
-0.8	0.3	-0.7	0.00051309	-1.24228
-0.8	0.3	-0.6	0.000420948	-1.1733
-0.8	0.3	-0.5	0.000244117	-1.06759
-0.8	0.3	-0.4	0.000250774	-0.917638
-0.8	0.3	-0.3	-0.00110053	-0.7297
-0.8	0.3	-0.2	-0.000678432	-0.509044
-0.8	0.3	-0.1	-0.00243855	-0.261853
-0.8	0.3	-1.38778e-16	0.00104005	-0.000278431
-0.8	0.3	0.1	-2.5035e-05	0.261469
-0.8	0.3	0.2	0.000535468	0.510193
-0.8	0.3	0.3	0.000896445	0.730784
-0.8	0.3	0.4	0.000813093	0.919371
-0.8	0.3	0.5	-0.00201257	1.06721
-0.8	0.3	0.6	0.000109208	1.17379
-0.8	0.3	0.7	-0.000838246	1.24124
-0.8	0.3	0.8	7.44547e-05	1.27682
-0.8	0.3	0.9	-0.001424	1.27981
-0.8	0.3	1	0.000467562	1.26063
-0.8	0.4	-1	-0.00261746	-1.24684
-0.8	0.4	-0.9	5.65198e-05	-1.26826
-0.8	0.4	-0.8	0.000909443	-1.26238
-0.8	0.4	-0.7	-0.000787183	-1.22802
-0.8	0.4	-0.6	-0.000833091	-1.15959
